28716
19616
12299
3172
20669
28665
9251
3578
18853
18051
11770
21586
9795
4084
26881
15725
31654
16370
8665
11444
928
15571
10762
24544
11803
31655
5113
2839
23728
7544
27412
87
31862
29136
15440
26136
29208
636
725
16685
3115
3216
19703
21996
28606
2731
11625
9358
13106
13436
19629
1241
6988
6021
11983
9468
11912
11551
339
28602
4784
4543
1388
7626
26798
16759
27247
30334
6815
32192
11398
932
20520
16502
19369
15530
32013
24612
28362
27909
15871
18818
18256
22994
30646
29244
18631
27326
27712
26869
2262
23076
15001
9868
23409
12406
31867
1182
32591
3806
30327
32076
28319
3365
3653
6206
10231
11987
31577
10471
909
13208
26038
16907
26793
18154
26375
639
30554
21232
8684
7985
31337
31391
25490
20072
13707
32547
902
30796
25562
5248
30155
20648
31366
27001
17194
15855
968
26289
23497
12669
9752
26896
30719
21792
11168
31592
31591
12759
