32508
32474
6921
11602
21352
22023
3187
6022
28600
11660
18628
16688
24868
28500
7566
24493
27997
22744
26294
25181
32021
19346
27930
26292
4034
437
6263
12942
7327
31515
30859
10435
1268
13951
26998
27644
31640
2796
22374
9157
1460
13685
25971
6115
30921
28455
31688
5607
6645
7996
260
21763
17010
32145
17120
19485
11615
14683
21009
11810
21187
30741
21872
157
29647
16573
6232
136
15459
10047
22607
18785
7636
19506
5609
29313
18157
1218
27882
5802
23859
16109
14251
31199
23405
30195
447
16760
14692
19207
3541
29301
16616
5707
29408
10771
13331
1019
5238
17565
10450
4584
31350
26245
15776
297
19438
7091
2965
4109
28988
285
31136
4180
8563
11416
21777
11678
24320
18157
21338
30755
10125
3120
24854
1957
23333
9805
25162
19107
7833
5604
18411
21968
15651
7511
7841
18371
19786
25121
31435
5360
7429
14441
26051
20439
10531
19670
12387
16763
